23.27272
26.49007
24.59017
25.23659
28.44827
27.10027
28.35052
26.30273
34.3123
27.33466
31.9385
29.79923
24.9348
28.61804
27.73682
21.13035
22.18687
25.2044
23.42032
22.43257
25.22155
24.38345
22.17775
24.149
23.39399
22.00852
18.18643
17.84414
17.74475
20.30389
17.06747
17.58667
16.8657
17.09955
23.39941
22.22094
21.47039
26.88428
22.65689
19.22365
20.37221
17.15725
15.9627
18.236
13.99792
13.36275
14.31601
14.11533
11.00366
10.68442
11.80725
11.51483
11.64916
14.45149
13.03009
12.61192
12.72904
12.51809
